[login]
md_addr=tcp://180.169.165.67:41313
td_addr=tcp://180.169.165.67:41305
brokerID=0262
account=292371
appID=client_brookeSpd_1.0.0

[history_pair]
cu2105_cu2107_1=0
rb2105_rb2107_1=0
i2105_i2109_1=0
cu2105_cu2106_1=0
fu2105_fu2109_1=0
fu2109_fu2105_1=0
sn2106_sn2107_1=0
pb2106_pb2107_1=0
pb2106_pb2105_1=0
al2105_al2106_1=0
ni2106_ni2107_1=0
pb2105_pb2106_1=0
fu2109_fu2201_1=0
ag2106_ag2108_1=0
fu2109_fu2201_0.999833=0
ss2107_ss2108_1.00911=0
cu2107_cu2108_1=0
pb2107_pb2108_0.996237=0
m2109_m2201_1=0
sp2107_sp2109_1.023184=0
al2107_al2108_1=0

[latest_pair]
latest_one=al2107_al2108_1
